--------------------------
Novi ispis: 50
416,239
416,238
416,238
416,238
417,239
416,238
416,238
416,238
416,238
416,238
416,238
416,238
416,238
416,238
416,239
416,239
416,239
416,238
416,238
416,239
416,238
416,238
416,239
416,239
417,238
417,238
418,237
419,235
420,233
422,232
417,240
416,236
0,0
416,235
416,234
416,234
416,236
416,237
416,238
415,238
--------------------------
Novi ispis: 100
430,185
430,185
430,185
430,185
430,185
430,185
430,185
430,185
430,185
430,184
430,182
430,180
430,180
429,177
428,175
427,174
425,171
425,170
424,170
424,170
422,168
421,166
419,164
418,164
416,163
414,162
413,161
411,160
410,159
408,159
431,186
430,185
0,0
430,185
430,185
430,185
430,185
430,185
430,185
430,185
--------------------------
Novi ispis: 150
355,151
355,151
351,149
346,147
343,146
340,145
340,145
338,146
337,146
334,146
332,146
330,147
328,147
328,147
326,148
322,149
317,149
313,150
307,151
303,152
299,152
299,152
294,153
291,153
288,154
283,155
279,156
274,156
274,156
269,157
356,152
355,151
0,0
354,150
350,148
342,145
331,141
322,137
316,136
312,137
--------------------------
Novi ispis: 50
413,391
413,391
413,391
413,391
413,391
413,391
413,391
413,391
413,391
413,391
413,391
413,391
413,391
413,391
413,391
413,391
413,391
413,391
413,390
413,391
413,390
413,391
413,390
413,391
413,391
413,391
413,391
413,391
413,391
413,391
414,392
413,391
0,0
413,391
413,391
413,391
413,391
413,391
413,391
413,391
--------------------------
Novi ispis: 100
413,391
413,391
413,391
413,391
413,391
413,391
413,391
413,391
413,391
413,391
413,391
413,391
413,391
413,391
413,391
413,391
413,391
413,391
413,391
413,391
413,391
413,391
413,391
413,391
413,391
413,391
413,390
413,391
413,390
413,391
414,392
413,391
0,0
413,391
413,391
413,391
413,391
413,391
413,391
413,391
--------------------------
Novi ispis: 150
413,390
413,390
413,391
413,391
413,391
413,390
413,391
413,390
413,390
413,390
413,391
413,390
413,391
413,390
413,390
413,390
413,390
413,391
413,391
413,391
413,391
413,391
413,391
413,391
413,391
413,391
413,391
413,391
413,391
413,391
414,391
413,390
0,0
413,390
413,390
413,391
413,391
413,391
413,391
413,389
--------------------------
Novi ispis: 200
413,391
413,391
413,391
413,391
413,391
413,390
413,390
413,391
413,390
413,391
413,391
413,391
413,391
413,391
413,390
413,390
413,391
413,390
413,390
413,390
413,390
413,391
413,390
413,390
413,390
413,390
413,391
413,391
413,391
413,391
414,392
413,391
0,0
413,391
413,391
413,391
413,390
413,389
413,389
413,389
--------------------------
Novi ispis: 50
84,303
84,303
83,303
83,303
84,302
83,301
83,303
83,302
83,303
83,303
83,304
83,303
83,302
82,302
82,301
82,301
83,303
83,303
83,303
83,303
83,303
82,303
82,303
83,302
83,303
84,303
84,303
84,303
83,303
83,303
85,304
84,303
0,0
83,303
83,303
82,302
82,301
82,300
81,300
81,301
--------------------------
Novi ispis: 100
83,303
83,302
83,303
82,303
83,304
83,303
83,303
83,302
83,303
83,303
83,303
83,303
83,303
83,303
82,304
83,303
83,303
83,303
83,303
83,304
83,303
82,303
83,303
83,303
83,303
83,303
83,304
83,303
83,303
83,303
84,304
83,300
0,0
83,300
82,299
82,300
82,302
82,303
83,304
83,303
--------------------------
Novi ispis: 150
83,303
83,303
83,303
83,303
83,303
83,303
82,302
83,304
83,304
83,304
83,303
83,304
83,303
83,303
83,304
84,303
83,302
83,302
83,303
83,303
84,303
83,303
83,303
83,303
83,303
84,303
83,303
83,303
83,304
83,303
84,304
83,303
0,0
83,303
83,303
83,303
83,303
82,302
81,302
82,303
--------------------------
Novi ispis: 200
83,303
83,303
83,303
83,303
83,303
83,304
83,303
83,303
83,303
82,302
84,303
83,303
83,304
83,303
83,303
83,304
82,303
83,303
83,303
83,303
83,304
83,304
83,304
83,303
83,303
83,303
83,303
83,303
83,303
83,303
84,304
83,303
0,0
83,303
83,303
83,303
83,303
83,304
83,303
83,303
--------------------------
Novi ispis: 250
157,299
157,299
164,299
170,299
178,297
182,300
189,300
195,299
204,299
204,299
212,299
218,296
224,297
229,297
235,297
235,297
240,297
246,295
252,296
262,295
262,295
267,294
270,295
275,294
280,295
283,295
289,298
296,297
301,299
306,300
158,300
157,299
0,0
158,299
164,299
177,298
195,297
214,299
234,300
255,300
--------------------------
Novi ispis: 300
391,327
395,327
395,327
402,326
406,327
411,326
417,326
422,326
427,326
428,326
434,325
439,325
445,326
445,326
448,326
457,326
466,327
471,326
474,326
474,326
475,326
475,326
475,326
475,326
475,326
475,327
475,326
475,326
475,326
475,326
392,328
400,327
0,0
403,327
409,326
416,326
425,326
435,325
448,324
461,324
--------------------------
Novi ispis: 350
474,326
474,327
475,326
475,326
475,326
474,326
474,326
474,326
474,327
475,326
474,326
475,326
475,326
475,326
474,326
475,326
475,326
475,327
475,327
475,326
475,326
475,326
474,326
482,329
482,329
491,333
492,333
498,335
502,336
505,336
475,327
474,328
0,0
474,328
474,329
475,328
475,327
475,326
474,324
473,324
--------------------------
Novi ispis: 400
547,328
549,328
552,327
551,326
553,326
552,326
552,326
553,325
554,325
555,324
558,323
561,322
561,322
562,321
564,320
565,319
566,319
568,318
568,318
569,317
570,316
572,314
574,314
580,311
580,311
587,311
595,311
601,312
607,315
612,317
548,329
551,328
0,0
553,327
557,326
559,325
561,323
559,323
557,322
555,321
--------------------------
Novi ispis: 450
617,323
617,323
617,323
616,323
616,323
617,324
616,323
616,323
616,323
617,323
617,324
616,323
616,323
616,323
616,323
616,323
617,323
617,323
616,323
616,324
616,324
617,323
616,324
616,323
617,323
616,324
617,324
617,324
616,323
617,323
618,324
617,323
0,0
617,323
616,323
615,323
615,323
615,324
615,323
614,323
--------------------------
Novi ispis: 500
617,322
617,322
616,324
617,323
616,323
616,323
616,323
616,324
616,323
617,323
616,323
616,323
616,324
616,324
617,324
616,323
617,323
616,323
616,324
616,323
616,323
616,324
617,324
617,323
616,323
616,324
616,324
617,323
617,323
617,323
618,323
617,322
0,0
616,322
616,323
616,324
615,324
614,324
614,324
614,324
--------------------------
Novi ispis: 550
617,323
616,323
617,323
617,324
616,323
616,324
616,324
616,324
617,324
617,323
617,324
617,323
617,323
617,323
617,323
616,323
616,323
616,323
616,323
616,324
617,323
617,324
616,323
616,323
616,323
616,323
617,324
617,323
616,323
616,323
618,324
614,323
0,0
614,323
613,323
614,323
614,323
614,324
615,325
616,325
--------------------------
Novi ispis: 600
617,325
617,325
617,325
617,325
617,325
617,325
618,325
617,325
617,325
617,325
617,325
618,325
617,325
617,325
617,325
618,325
617,324
618,328
619,331
619,331
619,331
619,331
619,331
619,331
619,331
619,330
619,331
619,331
620,332
624,342
618,326
617,325
0,0
617,325
617,325
617,325
617,325
617,325
618,325
617,325
--------------------------
Novi ispis: 650
617,325
617,325
617,325
617,325
617,325
617,325
618,325
617,325
617,325
617,325
617,325
618,325
617,325
617,325
617,325
618,325
617,324
618,328
619,331
619,331
619,331
619,331
619,331
619,331
619,331
619,330
619,331
619,331
620,332
624,342
618,326
617,325
0,0
617,325
617,325
617,325
617,325
617,325
618,325
617,325
--------------------------
Novi ispis: 50
65,290
65,290
65,291
64,290
64,290
65,290
65,290
65,290
64,291
64,290
65,291
64,290
64,290
64,290
64,290
64,290
65,290
65,290
64,290
65,290
64,290
65,290
64,290
64,290
64,290
65,290
64,290
64,290
64,290
64,290
66,291
65,290
0,0
65,290
64,290
63,290
63,290
63,290
64,289
64,289
--------------------------
Novi ispis: 100
64,290
64,290
65,290
65,290
65,290
65,290
65,290
64,290
65,290
64,290
64,291
65,291
65,290
64,290
64,290
65,290
65,290
65,290
64,290
65,290
64,290
64,290
65,290
65,290
65,291
64,290
64,290
65,290
65,290
64,290
65,291
64,290
0,0
64,290
64,290
65,290
66,290
66,290
65,290
64,290
--------------------------
Novi ispis: 150
64,290
65,290
64,290
65,290
64,290
65,290
65,290
65,290
65,290
64,290
64,290
64,290
64,291
64,290
65,290
64,291
64,290
64,290
64,290
65,290
64,290
65,290
64,290
65,290
65,290
65,290
64,290
65,290
64,290
65,290
65,291
66,290
0,0
66,290
67,290
67,290
66,290
65,290
65,290
64,290
--------------------------
Novi ispis: 200
64,290
64,290
64,290
64,290
65,290
64,290
64,290
64,290
64,290
64,290
64,290
65,291
64,290
64,291
64,291
64,290
64,290
64,290
64,290
64,290
64,290
65,290
64,290
64,290
64,290
64,290
64,290
64,291
64,290
64,290
65,291
64,290
0,0
64,290
64,290
64,290
64,290
64,290
64,290
63,290
--------------------------
Novi ispis: 250
64,291
65,290
65,290
64,290
64,290
65,290
65,291
65,290
65,290
65,290
65,290
64,290
65,291
65,290
65,290
65,290
65,290
65,290
64,290
64,290
64,290
64,291
65,290
65,290
65,290
64,290
64,290
65,290
64,290
65,290
65,292
66,288
0,0
67,287
67,286
67,286
66,287
65,288
64,291
64,291
--------------------------
Novi ispis: 300
64,290
65,290
64,290
65,290
65,290
64,290
65,290
65,290
65,290
65,290
64,290
64,291
64,290
64,290
65,290
65,291
65,290
65,290
65,290
64,290
64,290
65,290
65,290
64,290
65,290
65,290
64,291
65,290
65,290
64,290
65,291
66,290
0,0
66,290
67,290
67,290
67,290
65,290
64,290
64,290
--------------------------
Novi ispis: 350
65,291
64,290
65,290
65,291
65,290
65,290
65,290
65,290
65,291
64,290
64,290
65,290
64,290
65,291
64,290
65,290
64,290
64,291
64,290
64,290
64,290
65,290
64,290
65,291
65,290
64,290
64,290
64,291
65,291
65,290
66,292
62,288
0,0
62,287
61,287
62,287
63,288
64,288
66,289
67,291
--------------------------
Novi ispis: 400
63,290
64,290
64,290
64,290
64,290
64,290
64,290
64,290
64,290
64,290
64,290
64,290
64,290
64,290
64,290
64,290
64,290
64,290
63,290
64,290
63,290
64,290
64,290
64,290
64,290
63,290
63,290
64,289
64,290
64,290
64,291
65,290
0,0
66,290
67,290
67,290
66,290
65,290
64,290
62,290
--------------------------
Novi ispis: 450
64,290
64,290
64,290
63,290
64,290
64,290
64,290
64,289
64,290
64,289
64,289
64,290
64,290
64,290
63,290
64,290
64,290
64,290
64,290
64,290
64,290
64,290
63,290
64,290
64,290
64,290
64,290
64,290
64,290
64,290
65,291
64,290
0,0
64,290
63,290
63,290
63,290
63,290
64,289
64,288
--------------------------
Novi ispis: 50
61,323
61,323
65,323
71,324
71,324
71,324
71,324
71,324
71,324
78,326
81,326
81,326
81,326
81,326
81,326
81,326
88,328
93,329
93,329
93,329
93,329
93,329
93,329
93,329
93,329
105,332
105,332
105,332
105,332
105,332
62,324
61,323
0,-2147483648
61,323
66,323
74,324
81,324
85,325
86,325
84,325
--------------------------
Novi ispis: 100
122,335
122,335
126,338
127,338
128,338
128,338
128,338
128,338
128,338
128,338
128,338
130,337
130,337
130,337
130,337
130,337
130,337
134,340
135,341
135,341
135,341
135,341
135,341
135,341
135,340
136,339
136,339
136,339
136,339
136,339
123,336
122,335
0,-2147483648
122,335
125,337
129,339
133,341
136,342
136,342
135,341
--------------------------
Novi ispis: 150
127,339
127,339
127,339
136,339
137,340
137,340
137,340
137,340
137,340
137,340
137,340
137,340
136,340
137,340
136,340
136,340
136,340
136,340
137,341
137,341
137,341
137,341
137,341
137,341
137,341
137,341
137,341
137,341
137,341
137,341
128,340
127,339
0,-2147483648
127,339
129,339
137,339
145,340
151,341
153,341
152,341
--------------------------
Novi ispis: 200
137,340
137,340
137,340
137,340
137,340
137,340
137,340
137,340
137,340
137,340
137,340
137,340
137,340
137,340
137,340
137,340
137,340
137,340
137,341
137,341
137,341
137,341
137,341
137,341
137,341
137,341
137,341
137,341
137,341
137,341
138,341
137,340
0,-2147483648
137,340
137,340
137,340
137,340
137,340
137,340
137,340
--------------------------
Novi ispis: 250
138,341
138,341
138,341
138,341
138,341
138,341
138,341
138,341
138,341
138,341
138,341
138,341
138,341
138,341
138,341
138,341
138,341
138,341
138,341
138,341
137,340
137,340
137,340
137,340
137,340
137,340
138,341
138,341
138,341
138,341
139,342
138,341
0,-2147483648
138,341
138,341
138,341
138,341
138,341
138,341
138,341
--------------------------
Novi ispis: 300
137,341
137,341
137,341
137,341
137,341
137,341
137,341
137,341
137,341
137,341
137,341
137,341
137,341
138,341
138,341
138,341
138,341
138,341
138,341
137,341
137,341
137,341
137,341
137,341
137,341
137,341
137,341
138,341
138,341
138,341
138,342
137,341
0,-2147483648
137,341
137,341
137,341
137,341
137,341
137,341
137,341
--------------------------
Novi ispis: 350
138,341
138,341
138,341
138,341
138,341
138,342
138,342
138,342
138,342
138,342
138,342
138,342
138,342
138,341
138,341
138,341
138,341
138,341
138,341
138,341
138,341
138,341
138,341
138,341
138,341
138,341
138,341
138,341
138,341
138,341
139,342
138,341
0,-2147483648
138,341
138,341
138,341
138,341
138,342
138,343
138,343
--------------------------
Novi ispis: 400
138,339
138,339
138,339
138,339
138,339
141,336
141,336
141,336
141,336
141,336
141,336
141,336
145,333
148,329
148,329
148,329
148,329
148,329
148,329
148,329
148,329
153,327
153,327
153,327
153,327
153,327
153,327
157,325
160,323
160,323
139,340
138,339
0,-2147483648
138,339
138,339
138,339
138,338
142,334
145,331
146,330
--------------------------
Novi ispis: 450
177,313
177,313
177,313
177,313
177,313
177,313
179,312
179,311
179,311
179,311
179,311
179,311
179,311
181,310
182,308
182,308
182,308
182,308
182,308
182,308
183,306
186,303
186,303
186,303
186,303
186,303
186,303
188,300
191,297
191,297
178,314
177,313
0,-2147483648
177,313
177,313
177,313
177,313
177,312
180,310
182,308
--------------------------
Novi ispis: 500
210,278
210,278
210,278
210,278
210,278
210,278
215,276
220,272
220,272
220,272
220,272
220,272
220,272
224,269
227,267
227,267
227,267
227,267
227,267
227,267
227,267
227,267
235,263
235,263
235,263
235,263
235,263
235,263
238,261
239,261
211,279
210,278
0,-2147483648
210,278
210,278
210,278
210,278
211,277
220,273
232,265
--------------------------
Novi ispis: 550
250,261
250,261
250,261
250,261
250,261
250,261
250,261
250,261
253,261
253,261
253,261
253,261
253,261
253,261
254,261
257,261
257,261
257,261
257,261
257,261
257,261
260,262
260,262
260,262
260,262
260,262
260,262
260,262
260,262
260,262
251,262
250,261
0,-2147483648
250,261
250,261
250,261
250,261
250,261
250,261
251,261
--------------------------
Novi ispis: 600
268,269
270,271
270,271
270,271
270,271
270,271
270,271
273,273
277,274
277,274
277,274
277,274
277,274
276,274
276,274
276,274
281,277
281,277
281,277
281,277
281,277
281,277
289,282
289,282
289,282
289,282
289,282
289,282
289,282
289,282
269,270
272,273
0,-2147483648
274,275
276,277
276,277
275,276
272,273
271,272
275,272
--------------------------
Novi ispis: 650
307,296
307,296
316,301
316,301
316,301
316,301
316,301
316,301
325,308
325,308
325,308
325,308
325,308
325,308
325,308
325,308
334,314
334,314
334,314
334,314
334,314
334,314
339,316
344,319
344,319
344,319
344,319
344,319
344,319
348,322
308,297
307,296
0,-2147483648
308,296
315,300
321,304
326,306
329,308
328,307
329,309
--------------------------
Novi ispis: 700
369,337
369,337
379,343
379,343
379,343
379,343
379,343
379,343
383,346
388,349
388,349
388,349
388,349
388,349
388,349
391,351
396,355
396,355
396,355
396,355
396,355
396,355
396,355
396,355
400,357
400,357
400,357
400,357
400,357
400,357
370,338
369,337
0,-2147483648
370,338
378,342
385,346
390,350
393,351
392,351
391,350
--------------------------
Novi ispis: 750
419,363
420,363
420,363
420,363
420,363
420,363
420,363
420,363
420,363
420,363
420,363
420,363
420,363
420,363
420,363
420,363
419,363
419,363
419,363
419,363
419,363
419,363
419,363
419,363
419,363
419,363
419,363
419,363
419,363
419,363
420,364
421,363
0,-2147483648
422,363
423,363
423,363
422,363
421,363
420,363
418,363
--------------------------
Novi ispis: 800
420,363
420,363
420,363
420,363
420,363
420,363
420,363
420,363
420,363
420,363
420,363
420,363
420,363
420,363
420,363
420,363
420,363
420,363
420,363
420,363
420,363
420,363
420,363
420,362
422,357
422,357
422,357
422,357
422,357
422,357
421,364
420,363
0,-2147483648
420,363
420,363
420,363
420,363
420,363
420,363
420,363
--------------------------
Novi ispis: 850
419,331
419,331
415,325
408,318
408,318
408,318
408,318
408,318
408,318
398,308
392,296
391,296
391,296
391,296
391,296
391,296
391,296
391,296
395,279
396,279
396,279
396,279
396,279
396,279
395,274
394,270
394,270
394,270
394,270
394,270
420,332
419,331
0,-2147483648
418,329
413,323
404,313
396,304
392,299
390,297
392,300
--------------------------
Novi ispis: 900
394,269
394,269
394,269
394,269
394,269
394,269
394,269
394,269
394,269
394,269
394,269
394,269
394,269
394,269
394,269
394,269
394,269
394,269
393,269
393,269
393,269
393,269
393,269
393,269
394,269
394,269
394,269
394,269
394,269
394,269
395,270
394,269
0,-2147483648
394,269
394,269
394,269
394,269
394,269
394,269
394,269
--------------------------
Novi ispis: 950
393,269
393,269
393,269
393,268
393,268
393,268
393,268
393,268
393,268
393,268
394,268
393,268
393,268
393,268
393,268
393,268
393,268
393,268
393,268
393,269
393,269
393,269
393,269
393,269
393,269
391,269
392,268
392,268
392,268
392,268
394,270
393,269
0,-2147483648
393,269
393,268
393,267
393,267
393,266
393,266
393,266
--------------------------
Novi ispis: 1000
364,270
364,270
364,270
364,270
356,271
356,271
356,271
356,271
356,271
356,271
356,271
356,271
348,275
348,275
348,275
348,275
348,275
348,275
345,277
341,278
341,278
341,278
341,278
341,278
341,278
335,281
328,282
328,282
328,282
328,282
365,271
364,270
0,-2147483648
364,270
364,270
361,270
353,271
346,272
342,272
340,272
--------------------------
Novi ispis: 1050
295,277
295,277
295,277
295,277
289,276
283,276
282,276
282,276
282,276
282,276
282,276
279,276
276,276
275,276
275,276
275,276
275,276
275,276
275,276
275,276
267,276
267,276
267,276
267,276
267,276
267,276
253,276
253,276
253,276
253,276
296,278
295,277
0,-2147483648
295,277
295,277
293,276
285,275
273,274
262,274
257,274
--------------------------
Novi ispis: 1100
210,278
210,278
210,278
210,278
210,278
210,278
192,279
192,279
192,279
192,279
192,279
192,279
177,282
177,282
177,282
177,282
177,282
177,282
177,282
177,282
169,284
169,284
169,284
169,284
169,284
169,284
167,284
166,285
166,285
166,285
211,279
210,278
0,-2147483648
210,278
210,278
210,278
210,278
203,278
180,279
162,280
--------------------------
Novi ispis: 1150
146,298
146,298
146,298
146,298
146,298
146,298
143,299
143,299
143,299
143,299
143,299
143,299
138,304
133,308
133,308
133,308
133,308
133,308
133,308
130,311
130,312
130,312
130,312
130,312
130,312
130,312
130,312
130,312
130,312
130,313
147,299
146,298
0,-2147483648
146,298
146,298
146,298
146,298
144,298
141,299
138,300
--------------------------
Novi ispis: 50
61,323
61,323
65,323
71,324
71,324
71,324
71,324
71,324
71,324
78,326
81,326
81,326
81,326
81,326
81,326
81,326
88,328
93,329
93,329
93,329
93,329
93,329
93,329
93,329
93,329
105,332
105,332
105,332
105,332
105,332
62,324
61,323
0,-2147483648
61,323
66,323
74,324
81,324
85,325
86,325
84,325
--------------------------
Novi ispis: 100
122,335
122,335
126,338
127,338
128,338
128,338
128,338
128,338
128,338
128,338
128,338
130,337
130,337
130,337
130,337
130,337
130,337
134,340
135,341
135,341
135,341
135,341
135,341
135,341
135,340
136,339
136,339
136,339
136,339
136,339
123,336
122,335
0,-2147483648
122,335
125,337
129,339
133,341
136,342
136,342
135,341
--------------------------
Novi ispis: 150
127,339
127,339
127,339
136,339
137,340
137,340
137,340
137,340
137,340
137,340
137,340
137,340
136,340
137,340
136,340
136,340
136,340
136,340
137,341
137,341
137,341
137,341
137,341
137,341
137,341
137,341
137,341
137,341
137,341
137,341
128,340
127,339
0,-2147483648
127,339
129,339
137,339
145,340
151,341
153,341
152,341
--------------------------
Novi ispis: 200
137,340
137,340
137,340
137,340
137,340
137,340
137,340
137,340
137,340
137,340
137,340
137,340
137,340
137,340
137,340
137,340
137,340
137,340
137,341
137,341
137,341
137,341
137,341
137,341
137,341
137,341
137,341
137,341
137,341
137,341
138,341
137,340
0,-2147483648
137,340
137,340
137,340
137,340
137,340
137,340
137,340
--------------------------
Novi ispis: 250
138,341
138,341
138,341
138,341
138,341
138,341
138,341
138,341
138,341
138,341
138,341
138,341
138,341
138,341
138,341
138,341
138,341
138,341
138,341
138,341
137,340
137,340
137,340
137,340
137,340
137,340
138,341
138,341
138,341
138,341
139,342
138,341
0,-2147483648
138,341
138,341
138,341
138,341
138,341
138,341
138,341
--------------------------
Novi ispis: 300
137,341
137,341
137,341
137,341
137,341
137,341
137,341
137,341
137,341
137,341
137,341
137,341
137,341
138,341
138,341
138,341
138,341
138,341
138,341
137,341
137,341
137,341
137,341
137,341
137,341
137,341
137,341
138,341
138,341
138,341
138,342
137,341
0,-2147483648
137,341
137,341
137,341
137,341
137,341
137,341
137,341
--------------------------
Novi ispis: 350
138,341
138,341
138,341
138,341
138,341
138,342
138,342
138,342
138,342
138,342
138,342
138,342
138,342
138,341
138,341
138,341
138,341
138,341
138,341
138,341
138,341
138,341
138,341
138,341
138,341
138,341
138,341
138,341
138,341
138,341
139,342
138,341
0,-2147483648
138,341
138,341
138,341
138,341
138,342
138,343
138,343
--------------------------
Novi ispis: 400
138,339
138,339
138,339
138,339
138,339
141,336
141,336
141,336
141,336
141,336
141,336
141,336
145,333
148,329
148,329
148,329
148,329
148,329
148,329
148,329
148,329
153,327
153,327
153,327
153,327
153,327
153,327
157,325
160,323
160,323
139,340
138,339
0,-2147483648
138,339
138,339
138,339
138,338
142,334
145,331
146,330
--------------------------
Novi ispis: 450
177,313
177,313
177,313
177,313
177,313
177,313
179,312
179,311
179,311
179,311
179,311
179,311
179,311
181,310
182,308
182,308
182,308
182,308
182,308
182,308
183,306
186,303
186,303
186,303
186,303
186,303
186,303
188,300
191,297
191,297
178,314
177,313
0,-2147483648
177,313
177,313
177,313
177,313
177,312
180,310
182,308
--------------------------
Novi ispis: 50
61,323
61,323
65,323
71,324
71,324
71,324
71,324
71,324
71,324
78,326
81,326
81,326
81,326
81,326
81,326
81,326
88,328
93,329
93,329
93,329
93,329
93,329
93,329
93,329
93,329
105,332
105,332
105,332
105,332
105,332
62,324
61,323
0,0
61,323
66,323
74,324
81,324
85,325
86,325
84,325
--------------------------
Novi ispis: 100
122,335
122,335
126,338
127,338
128,338
128,338
128,338
128,338
128,338
128,338
128,338
130,337
130,337
130,337
130,337
130,337
130,337
134,340
135,341
135,341
135,341
135,341
135,341
135,341
135,340
136,339
136,339
136,339
136,339
136,339
123,336
122,335
0,0
122,335
125,337
129,339
133,341
136,342
136,342
135,341
--------------------------
Novi ispis: 150
127,339
127,339
127,339
136,339
137,340
137,340
137,340
137,340
137,340
137,340
137,340
137,340
136,340
137,340
136,340
136,340
136,340
136,340
137,341
137,341
137,341
137,341
137,341
137,341
137,341
137,341
137,341
137,341
137,341
137,341
128,340
127,339
0,0
127,339
129,339
137,339
145,340
151,341
153,341
152,341
--------------------------
Novi ispis: 200
137,340
137,340
137,340
137,340
137,340
137,340
137,340
137,340
137,340
137,340
137,340
137,340
137,340
137,340
137,340
137,340
137,340
137,340
137,341
137,341
137,341
137,341
137,341
137,341
137,341
137,341
137,341
137,341
137,341
137,341
138,341
137,340
0,0
137,340
137,340
137,340
137,340
137,340
137,340
137,340
--------------------------
Novi ispis: 250
138,341
138,341
138,341
138,341
138,341
138,341
138,341
138,341
138,341
138,341
138,341
138,341
138,341
138,341
138,341
138,341
138,341
138,341
138,341
138,341
137,340
137,340
137,340
137,340
137,340
137,340
138,341
138,341
138,341
138,341
139,342
138,341
0,0
138,341
138,341
138,341
138,341
138,341
138,341
138,341
--------------------------
Novi ispis: 300
137,341
137,341
137,341
137,341
137,341
137,341
137,341
137,341
137,341
137,341
137,341
137,341
137,341
138,341
138,341
138,341
138,341
138,341
138,341
137,341
137,341
137,341
137,341
137,341
137,341
137,341
137,341
138,341
138,341
138,341
138,342
137,341
0,0
137,341
137,341
137,341
137,341
137,341
137,341
137,341
--------------------------
Novi ispis: 350
138,341
138,341
138,341
138,341
138,341
138,342
138,342
138,342
138,342
138,342
138,342
138,342
138,342
138,341
138,341
138,341
138,341
138,341
138,341
138,341
138,341
138,341
138,341
138,341
138,341
138,341
138,341
138,341
138,341
138,341
139,342
138,341
0,0
138,341
138,341
138,341
138,341
138,342
138,343
138,343
--------------------------
Novi ispis: 400
138,339
138,339
138,339
138,339
138,339
141,336
141,336
141,336
141,336
141,336
141,336
141,336
145,333
148,329
148,329
148,329
148,329
148,329
148,329
148,329
148,329
153,327
153,327
153,327
153,327
153,327
153,327
157,325
160,323
160,323
139,340
138,339
0,0
138,339
138,339
138,339
138,338
142,334
145,331
146,330
--------------------------
Novi ispis: 450
177,313
177,313
177,313
177,313
177,313
177,313
179,312
179,311
179,311
179,311
179,311
179,311
179,311
181,310
182,308
182,308
182,308
182,308
182,308
182,308
183,306
186,303
186,303
186,303
186,303
186,303
186,303
188,300
191,297
191,297
178,314
177,313
0,0
177,313
177,313
177,313
177,313
177,312
180,310
182,308
--------------------------
Novi ispis: 500
210,278
210,278
210,278
210,278
210,278
210,278
215,276
220,272
220,272
220,272
220,272
220,272
220,272
224,269
227,267
227,267
227,267
227,267
227,267
227,267
227,267
227,267
235,263
235,263
235,263
235,263
235,263
235,263
238,261
239,261
211,279
210,278
0,0
210,278
210,278
210,278
210,278
211,277
220,273
232,265
--------------------------
Novi ispis: 550
250,261
250,261
250,261
250,261
250,261
250,261
250,261
250,261
253,261
253,261
253,261
253,261
253,261
253,261
254,261
257,261
257,261
257,261
257,261
257,261
257,261
260,262
260,262
260,262
260,262
260,262
260,262
260,262
260,262
260,262
251,262
250,261
0,0
250,261
250,261
250,261
250,261
250,261
250,261
251,261
--------------------------
Novi ispis: 600
268,269
270,271
270,271
270,271
270,271
270,271
270,271
273,273
277,274
277,274
277,274
277,274
277,274
276,274
276,274
276,274
281,277
281,277
281,277
281,277
281,277
281,277
289,282
289,282
289,282
289,282
289,282
289,282
289,282
289,282
269,270
272,273
0,0
274,275
276,277
276,277
275,276
272,273
271,272
275,272
--------------------------
Novi ispis: 650
307,296
307,296
316,301
316,301
316,301
316,301
316,301
316,301
325,308
325,308
325,308
325,308
325,308
325,308
325,308
325,308
334,314
334,314
334,314
334,314
334,314
334,314
339,316
344,319
344,319
344,319
344,319
344,319
344,319
348,322
308,297
307,296
0,0
308,296
315,300
321,304
326,306
329,308
328,307
329,309
--------------------------
Novi ispis: 700
369,337
369,337
379,343
379,343
379,343
379,343
379,343
379,343
383,346
388,349
388,349
388,349
388,349
388,349
388,349
391,351
396,355
396,355
396,355
396,355
396,355
396,355
396,355
396,355
400,357
400,357
400,357
400,357
400,357
400,357
370,338
369,337
0,0
370,338
378,342
385,346
390,350
393,351
392,351
391,350
--------------------------
Novi ispis: 750
419,363
420,363
420,363
420,363
420,363
420,363
420,363
420,363
420,363
420,363
420,363
420,363
420,363
420,363
420,363
420,363
419,363
419,363
419,363
419,363
419,363
419,363
419,363
419,363
419,363
419,363
419,363
419,363
419,363
419,363
420,364
421,363
0,0
422,363
423,363
423,363
422,363
421,363
420,363
418,363
--------------------------
Novi ispis: 800
420,363
420,363
420,363
420,363
420,363
420,363
420,363
420,363
420,363
420,363
420,363
420,363
420,363
420,363
420,363
420,363
420,363
420,363
420,363
420,363
420,363
420,363
420,363
420,362
422,357
422,357
422,357
422,357
422,357
422,357
421,364
420,363
0,0
420,363
420,363
420,363
420,363
420,363
420,363
420,363
--------------------------
Novi ispis: 850
419,331
419,331
415,325
408,318
408,318
408,318
408,318
408,318
408,318
398,308
392,296
391,296
391,296
391,296
391,296
391,296
391,296
391,296
395,279
396,279
396,279
396,279
396,279
396,279
395,274
394,270
394,270
394,270
394,270
394,270
420,332
419,331
0,0
418,329
413,323
404,313
396,304
392,299
390,297
392,300
--------------------------
Novi ispis: 900
394,269
394,269
394,269
394,269
394,269
394,269
394,269
394,269
394,269
394,269
394,269
394,269
394,269
394,269
394,269
394,269
394,269
394,269
393,269
393,269
393,269
393,269
393,269
393,269
394,269
394,269
394,269
394,269
394,269
394,269
395,270
394,269
0,0
394,269
394,269
394,269
394,269
394,269
394,269
394,269
--------------------------
Novi ispis: 950
393,269
393,269
393,269
393,268
393,268
393,268
393,268
393,268
393,268
393,268
394,268
393,268
393,268
393,268
393,268
393,268
393,268
393,268
393,268
393,269
393,269
393,269
393,269
393,269
393,269
391,269
392,268
392,268
392,268
392,268
394,270
393,269
0,0
393,269
393,268
393,267
393,267
393,266
393,266
393,266
--------------------------
Novi ispis: 1000
364,270
364,270
364,270
364,270
356,271
356,271
356,271
356,271
356,271
356,271
356,271
356,271
348,275
348,275
348,275
348,275
348,275
348,275
345,277
341,278
341,278
341,278
341,278
341,278
341,278
335,281
328,282
328,282
328,282
328,282
365,271
364,270
0,0
364,270
364,270
361,270
353,271
346,272
342,272
340,272
--------------------------
Novi ispis: 1050
295,277
295,277
295,277
295,277
289,276
283,276
282,276
282,276
282,276
282,276
282,276
279,276
276,276
275,276
275,276
275,276
275,276
275,276
275,276
275,276
267,276
267,276
267,276
267,276
267,276
267,276
253,276
253,276
253,276
253,276
296,278
295,277
0,0
295,277
295,277
293,276
285,275
273,274
262,274
257,274
--------------------------
Novi ispis: 1100
210,278
210,278
210,278
210,278
210,278
210,278
192,279
192,279
192,279
192,279
192,279
192,279
177,282
177,282
177,282
177,282
177,282
177,282
177,282
177,282
169,284
169,284
169,284
169,284
169,284
169,284
167,284
166,285
166,285
166,285
211,279
210,278
0,0
210,278
210,278
210,278
210,278
203,278
180,279
162,280
--------------------------
Novi ispis: 1150
146,298
146,298
146,298
146,298
146,298
146,298
143,299
143,299
143,299
143,299
143,299
143,299
138,304
133,308
133,308
133,308
133,308
133,308
133,308
130,311
130,312
130,312
130,312
130,312
130,312
130,312
130,312
130,312
130,312
130,313
147,299
146,298
0,0
146,298
146,298
146,298
146,298
144,298
141,299
138,300
--------------------------
Novi ispis: 1200
125,333
125,333
125,333
125,333
125,333
125,336
125,339
125,339
125,339
125,339
125,339
125,339
125,339
125,339
124,354
124,353
124,353
124,353
124,353
124,353
124,357
123,362
123,362
123,362
123,362
123,362
123,362
123,366
125,370
125,370
126,334
125,333
0,0
125,333
125,333
125,333
125,333
125,338
125,344
125,349
--------------------------
Novi ispis: 1250
138,389
138,389
138,389
138,389
138,389
138,389
138,391
139,392
139,392
139,392
139,392
139,392
139,392
139,392
140,394
140,394
140,394
140,394
140,394
140,394
144,397
145,398
145,398
145,398
145,398
145,398
145,398
146,399
149,402
149,402
139,390
138,389
0,0
138,389
138,389
138,389
138,389
138,389
138,392
139,396
--------------------------
Novi ispis: 50
61,323
61,323
65,323
71,324
71,324
71,324
71,324
71,324
71,324
78,326
81,326
81,326
81,326
81,326
81,326
81,326
88,328
93,329
93,329
93,329
93,329
93,329
93,329
93,329
93,329
105,332
105,332
105,332
105,332
105,332
62,324
61,323
0,0
61,323
66,323
74,324
81,324
85,325
86,325
84,325
--------------------------
Novi ispis: 100
122,335
122,335
126,338
127,338
128,338
128,338
128,338
128,338
128,338
128,338
128,338
130,337
130,337
130,337
130,337
130,337
130,337
134,340
135,341
135,341
135,341
135,341
135,341
135,341
135,340
136,339
136,339
136,339
136,339
136,339
123,336
122,335
0,0
122,335
125,337
129,339
133,341
136,342
136,342
135,341
--------------------------
Novi ispis: 150
127,339
127,339
127,339
136,339
137,340
137,340
137,340
137,340
137,340
137,340
137,340
137,340
136,340
137,340
136,340
136,340
136,340
136,340
137,341
137,341
137,341
137,341
137,341
137,341
137,341
137,341
137,341
137,341
137,341
137,341
128,340
127,339
0,0
127,339
129,339
137,339
145,340
151,341
153,341
152,341
--------------------------
Novi ispis: 200
137,340
137,340
137,340
137,340
137,340
137,340
137,340
137,340
137,340
137,340
137,340
137,340
137,340
137,340
137,340
137,340
137,340
137,340
137,341
137,341
137,341
137,341
137,341
137,341
137,341
137,341
137,341
137,341
137,341
137,341
138,341
137,340
0,0
137,340
137,340
137,340
137,340
137,340
137,340
137,340
--------------------------
Novi ispis: 250
138,341
138,341
138,341
138,341
138,341
138,341
138,341
138,341
138,341
138,341
138,341
138,341
138,341
138,341
138,341
138,341
138,341
138,341
138,341
138,341
137,340
137,340
137,340
137,340
137,340
137,340
138,341
138,341
138,341
138,341
139,342
138,341
0,0
138,341
138,341
138,341
138,341
138,341
138,341
138,341
--------------------------
Novi ispis: 300
137,341
137,341
137,341
137,341
137,341
137,341
137,341
137,341
137,341
137,341
137,341
137,341
137,341
138,341
138,341
138,341
138,341
138,341
138,341
137,341
137,341
137,341
137,341
137,341
137,341
137,341
137,341
138,341
138,341
138,341
138,342
137,341
0,0
137,341
137,341
137,341
137,341
137,341
137,341
137,341
--------------------------
Novi ispis: 350
138,341
138,341
138,341
138,341
138,341
138,342
138,342
138,342
138,342
138,342
138,342
138,342
138,342
138,341
138,341
138,341
138,341
138,341
138,341
138,341
138,341
138,341
138,341
138,341
138,341
138,341
138,341
138,341
138,341
138,341
139,342
138,341
0,0
138,341
138,341
138,341
138,341
138,342
138,343
138,343
--------------------------
Novi ispis: 400
138,339
138,339
138,339
138,339
138,339
141,336
141,336
141,336
141,336
141,336
141,336
141,336
145,333
148,329
148,329
148,329
148,329
148,329
148,329
148,329
148,329
153,327
153,327
153,327
153,327
153,327
153,327
157,325
160,323
160,323
139,340
138,339
0,0
138,339
138,339
138,339
138,338
142,334
145,331
146,330
--------------------------
Novi ispis: 450
177,313
177,313
177,313
177,313
177,313
177,313
179,312
179,311
179,311
179,311
179,311
179,311
179,311
181,310
182,308
182,308
182,308
182,308
182,308
182,308
183,306
186,303
186,303
186,303
186,303
186,303
186,303
188,300
191,297
191,297
178,314
177,313
0,0
177,313
177,313
177,313
177,313
177,312
180,310
182,308
--------------------------
Novi ispis: 500
210,278
210,278
210,278
210,278
210,278
210,278
215,276
220,272
220,272
220,272
220,272
220,272
220,272
224,269
227,267
227,267
227,267
227,267
227,267
227,267
227,267
227,267
235,263
235,263
235,263
235,263
235,263
235,263
238,261
239,261
211,279
210,278
0,0
210,278
210,278
210,278
210,278
211,277
220,273
232,265
--------------------------
Novi ispis: 550
250,261
250,261
250,261
250,261
250,261
250,261
250,261
250,261
253,261
253,261
253,261
253,261
253,261
253,261
254,261
257,261
257,261
257,261
257,261
257,261
257,261
260,262
260,262
260,262
260,262
260,262
260,262
260,262
260,262
260,262
251,262
250,261
0,0
250,261
250,261
250,261
250,261
250,261
250,261
251,261
--------------------------
Novi ispis: 600
268,269
270,271
270,271
270,271
270,271
270,271
270,271
273,273
277,274
277,274
277,274
277,274
277,274
276,274
276,274
276,274
281,277
281,277
281,277
281,277
281,277
281,277
289,282
289,282
289,282
289,282
289,282
289,282
289,282
289,282
269,270
272,273
0,0
274,275
276,277
276,277
275,276
272,273
271,272
275,272
--------------------------
Novi ispis: 650
307,296
307,296
316,301
316,301
316,301
316,301
316,301
316,301
325,308
325,308
325,308
325,308
325,308
325,308
325,308
325,308
334,314
334,314
334,314
334,314
334,314
334,314
339,316
344,319
344,319
344,319
344,319
344,319
344,319
348,322
308,297
307,296
0,0
308,296
315,300
321,304
326,306
329,308
328,307
329,309
--------------------------
Novi ispis: 700
369,337
369,337
379,343
379,343
379,343
379,343
379,343
379,343
383,346
388,349
388,349
388,349
388,349
388,349
388,349
391,351
396,355
396,355
396,355
396,355
396,355
396,355
396,355
396,355
400,357
400,357
400,357
400,357
400,357
400,357
370,338
369,337
0,0
370,338
378,342
385,346
390,350
393,351
392,351
391,350
--------------------------
Novi ispis: 750
419,363
420,363
420,363
420,363
420,363
420,363
420,363
420,363
420,363
420,363
420,363
420,363
420,363
420,363
420,363
420,363
419,363
419,363
419,363
419,363
419,363
419,363
419,363
419,363
419,363
419,363
419,363
419,363
419,363
419,363
420,364
421,363
0,0
422,363
423,363
423,363
422,363
421,363
420,363
418,363
--------------------------
Novi ispis: 800
420,363
420,363
420,363
420,363
420,363
420,363
420,363
420,363
420,363
420,363
420,363
420,363
420,363
420,363
420,363
420,363
420,363
420,363
420,363
420,363
420,363
420,363
420,363
420,362
422,357
422,357
422,357
422,357
422,357
422,357
421,364
420,363
0,0
420,363
420,363
420,363
420,363
420,363
420,363
420,363
--------------------------
Novi ispis: 850
419,331
419,331
415,325
408,318
408,318
408,318
408,318
408,318
408,318
398,308
392,296
391,296
391,296
391,296
391,296
391,296
391,296
391,296
395,279
396,279
396,279
396,279
396,279
396,279
395,274
394,270
394,270
394,270
394,270
394,270
420,332
419,331
0,0
418,329
413,323
404,313
396,304
392,299
390,297
392,300
--------------------------
Novi ispis: 900
394,269
394,269
394,269
394,269
394,269
394,269
394,269
394,269
394,269
394,269
394,269
394,269
394,269
394,269
394,269
394,269
394,269
394,269
393,269
393,269
393,269
393,269
393,269
393,269
394,269
394,269
394,269
394,269
394,269
394,269
395,270
394,269
0,0
394,269
394,269
394,269
394,269
394,269
394,269
394,269
